 set_id | pmt_no | pmt_id |  type  |    x_mm     |    y_mm     | size_mm | rotation_rad | pmt_array  
--------+--------+--------+--------+-------------+-------------+---------+--------------+------------
      1 |      1 |  10200 | R11410 |      285.25 |   -70.58107 |      77 |            0 | BottomMain
      1 |      2 |  10201 | R11410 |       244.5 | -141.162141 |      77 |            0 | BottomMain
      1 |      3 |  10202 | R11410 |      203.75 | -211.743211 |      77 |            0 | BottomMain
      1 |      4 |  10203 | R11410 |      285.25 |    70.58107 |      77 |            0 | BottomMain
      1 |      5 |  10204 | R11410 |       244.5 |           0 |      77 |            0 | BottomMain
      1 |      6 |  10205 | R11410 |      203.75 |   -70.58107 |      77 |            0 | BottomMain
      1 |      7 |  10206 | R11410 |         163 | -141.162141 |      77 |            0 | BottomMain
      1 |      8 |  10207 | R11410 |      122.25 | -211.743211 |      77 |            0 | BottomMain
      1 |      9 |  10300 | R11410 |        81.5 | -282.324282 |      77 |            0 | BottomMain
      1 |     10 |  10301 | R11410 |       244.5 |  141.162141 |      77 |            0 | BottomMain
      1 |     11 |  10302 | R11410 |      203.75 |    70.58107 |      77 |            0 | BottomMain
      1 |     12 |  10303 | R11410 |         163 |           0 |      77 |            0 | BottomMain
      1 |     13 |  10304 | R11410 |      122.25 |   -70.58107 |      77 |            0 | BottomMain
      1 |     14 |  10305 | R11410 |        81.5 | -141.162141 |      77 |            0 | BottomMain
      1 |     15 |  10306 | R11410 |       40.75 | -211.743211 |      77 |            0 | BottomMain
      1 |     16 |  10307 | R11410 |           0 | -282.324282 |      77 |            0 | BottomMain
      1 |     17 |  10400 | R11410 |      203.75 |  211.743211 |      77 |            0 | BottomMain
      1 |     18 |  10401 | R11410 |         163 |  141.162141 |      77 |            0 | BottomMain
      1 |     19 |  10402 | R11410 |      122.25 |    70.58107 |      77 |            0 | BottomMain
      1 |     20 |  10403 | R11410 |        81.5 |           0 |      77 |            0 | BottomMain
      1 |     21 |  10404 | R11410 |       40.75 |   -70.58107 |      77 |            0 | BottomMain
      1 |     22 |  10405 | R11410 |           0 | -141.162141 |      77 |            0 | BottomMain
      1 |     23 |  10406 | R11410 |      -40.75 | -211.743211 |      77 |            0 | BottomMain
      1 |     24 |  10407 | R11410 |       -81.5 | -282.324282 |      77 |            0 | BottomMain
      1 |     25 |  10500 | R11410 |     -203.75 |  211.743211 |      77 |            0 | BottomMain
      1 |     26 |  10501 | R11410 |      -244.5 |  141.162141 |      77 |            0 | BottomMain
      1 |     27 |  10502 | R11410 |     -285.25 |    70.58107 |      77 |            0 | BottomMain
      1 |     28 |  10503 | R11410 |       -81.5 |  282.324282 |      77 |            0 | BottomMain
      1 |     29 |  10504 | R11410 |     -122.25 |  211.743211 |      77 |            0 | BottomMain
      1 |     30 |  10505 | R11410 |        -163 |  141.162141 |      77 |            0 | BottomMain
      1 |     31 |  10506 | R11410 |     -203.75 |    70.58107 |      77 |            0 | BottomMain
      1 |     32 |  10507 | R11410 |      -244.5 |           0 |      77 |            0 | BottomMain
      1 |     33 |  10600 | R11410 |     -285.25 |   -70.58107 |      77 |            0 | BottomMain
      1 |     34 |  10601 | R11410 |           0 |  282.324282 |      77 |            0 | BottomMain
      1 |     35 |  10602 | R11410 |      -40.75 |  211.743211 |      77 |            0 | BottomMain
      1 |     36 |  10603 | R11410 |       -81.5 |  141.162141 |      77 |            0 | BottomMain
      1 |     37 |  10604 | R11410 |     -122.25 |    70.58107 |      77 |            0 | BottomMain
      1 |     38 |  10605 | R11410 |        -163 |           0 |      77 |            0 | BottomMain
      1 |     39 |  10606 | R11410 |     -203.75 |   -70.58107 |      77 |            0 | BottomMain
      1 |     40 |  10607 | R11410 |      -244.5 | -141.162141 |      77 |            0 | BottomMain
      1 |     41 |  10700 | R11410 |        81.5 |  282.324282 |      77 |            0 | BottomMain
      1 |     42 |  10701 | R11410 |       40.75 |  211.743211 |      77 |            0 | BottomMain
      1 |     43 |  10702 | R11410 |           0 |  141.162141 |      77 |            0 | BottomMain
      1 |     44 |  10703 | R11410 |      -40.75 |    70.58107 |      77 |            0 | BottomMain
      1 |     45 |  10704 | R11410 |       -81.5 |           0 |      77 |            0 | BottomMain
      1 |     46 |  10705 | R11410 |     -122.25 |   -70.58107 |      77 |            0 | BottomMain
      1 |     47 |  10706 | R11410 |        -163 | -141.162141 |      77 |            0 | BottomMain
      1 |     48 |  10707 | R11410 |     -203.75 | -211.743211 |      77 |            0 | BottomMain
      1 |     49 |  10800 | R11410 |      122.25 |  211.743211 |      77 |            0 | BottomMain
      1 |     50 |  10801 | R11410 |        81.5 |  141.162141 |      77 |            0 | BottomMain
      1 |     51 |  10802 | R11410 |       40.75 |    70.58107 |      77 |            0 | BottomMain
      1 |     52 |  10803 | R11410 |           0 |           0 |      77 |            0 | BottomMain
      1 |     53 |  10804 | R11410 |      -40.75 |   -70.58107 |      77 |            0 | BottomMain
      1 |     54 |  10805 | R11410 |       -81.5 | -141.162141 |      77 |            0 | BottomMain
      1 |     55 |  10806 | R11410 |     -122.25 | -211.743211 |      77 |            0 | BottomMain
      1 |     56 |  10900 | R11410 |      203.75 |  211.743211 |      77 |            0 | TopMain
      1 |     57 |  10901 | R11410 |       244.5 |  141.162141 |      77 |            0 | TopMain
      1 |     58 |  10902 | R11410 |      285.25 |    70.58107 |      77 |            0 | TopMain
      1 |     59 |  10903 | R11410 |        81.5 |  282.324282 |      77 |            0 | TopMain
      1 |     60 |  10904 | R11410 |      122.25 |  211.743211 |      77 |            0 | TopMain
      1 |     61 |  10905 | R11410 |         163 |  141.162141 |      77 |            0 | TopMain
      1 |     62 |  10906 | R11410 |      203.75 |    70.58107 |      77 |            0 | TopMain
      1 |     63 |  10907 | R11410 |       244.5 |           0 |      77 |            0 | TopMain
      1 |     64 |  11000 | R11410 |      285.25 |   -70.58107 |      77 |            0 | TopMain
      1 |     65 |  11001 | R11410 |           0 |  282.324282 |      77 |            0 | TopMain
      1 |     66 |  11002 | R11410 |       40.75 |  211.743211 |      77 |            0 | TopMain
      1 |     67 |  11003 | R11410 |        81.5 |  141.162141 |      77 |            0 | TopMain
      1 |     68 |  11004 | R11410 |      122.25 |    70.58107 |      77 |            0 | TopMain
      1 |     69 |  11005 | R11410 |         163 |           0 |      77 |            0 | TopMain
      1 |     70 |  11006 | R11410 |      203.75 |   -70.58107 |      77 |            0 | TopMain
      1 |     71 |  11007 | R11410 |       244.5 | -141.162141 |      77 |            0 | TopMain
      1 |     72 |  11100 | R11410 |       -81.5 |  282.324282 |      77 |            0 | TopMain
      1 |     73 |  11101 | R11410 |      -40.75 |  211.743211 |      77 |            0 | TopMain
      1 |     74 |  11102 | R11410 |           0 |  141.162141 |      77 |            0 | TopMain
      1 |     75 |  11103 | R11410 |       40.75 |    70.58107 |      77 |            0 | TopMain
      1 |     76 |  11104 | R11410 |        81.5 |           0 |      77 |            0 | TopMain
      1 |     77 |  11105 | R11410 |      122.25 |   -70.58107 |      77 |            0 | TopMain
      1 |     78 |  11106 | R11410 |         163 | -141.162141 |      77 |            0 | TopMain
      1 |     79 |  11107 | R11410 |      203.75 | -211.743211 |      77 |            0 | TopMain
      1 |     80 |  11200 | R11410 |     -203.75 | -211.743211 |      77 |            0 | TopMain
      1 |     81 |  11201 | R11410 |      -244.5 | -141.162141 |      77 |            0 | TopMain
      1 |     82 |  11202 | R11410 |     -285.25 |   -70.58107 |      77 |            0 | TopMain
      1 |     83 |  11203 | R11410 |       -81.5 | -282.324282 |      77 |            0 | TopMain
      1 |     84 |  11204 | R11410 |     -122.25 | -211.743211 |      77 |            0 | TopMain
      1 |     85 |  11205 | R11410 |        -163 | -141.162141 |      77 |            0 | TopMain
      1 |     86 |  11206 | R11410 |     -203.75 |   -70.58107 |      77 |            0 | TopMain
      1 |     87 |  11207 | R11410 |      -244.5 |           0 |      77 |            0 | TopMain
      1 |     88 |  11300 | R11410 |     -285.25 |    70.58107 |      77 |            0 | TopMain
      1 |     89 |  11301 | R11410 |           0 | -282.324282 |      77 |            0 | TopMain
      1 |     90 |  11302 | R11410 |      -40.75 | -211.743211 |      77 |            0 | TopMain
      1 |     91 |  11303 | R11410 |       -81.5 | -141.162141 |      77 |            0 | TopMain
      1 |     92 |  11304 | R11410 |     -122.25 |   -70.58107 |      77 |            0 | TopMain
      1 |     93 |  11305 | R11410 |        -163 |           0 |      77 |            0 | TopMain
      1 |     94 |  11306 | R11410 |     -203.75 |    70.58107 |      77 |            0 | TopMain
      1 |     95 |  11307 | R11410 |      -244.5 |  141.162141 |      77 |            0 | TopMain
      1 |     96 |  11400 | R11410 |        81.5 | -282.324282 |      77 |            0 | TopMain
      1 |     97 |  11401 | R11410 |       40.75 | -211.743211 |      77 |            0 | TopMain
      1 |     98 |  11402 | R11410 |           0 | -141.162141 |      77 |            0 | TopMain
      1 |     99 |  11403 | R11410 |      -40.75 |   -70.58107 |      77 |            0 | TopMain
      1 |    100 |  11404 | R11410 |       -81.5 |           0 |      77 |            0 | TopMain
      1 |    101 |  11405 | R11410 |     -122.25 |    70.58107 |      77 |            0 | TopMain
      1 |    102 |  11406 | R11410 |        -163 |  141.162141 |      77 |            0 | TopMain
      1 |    103 |  11407 | R11410 |     -203.75 |  211.743211 |      77 |            0 | TopMain
      1 |    104 |  11500 | R11410 |     -122.25 |  211.743211 |      77 |            0 | TopMain
      1 |    105 |  11501 | R11410 |       -81.5 |  141.162141 |      77 |            0 | TopMain
      1 |    106 |  11502 | R11410 |      -40.75 |    70.58107 |      77 |            0 | TopMain
      1 |    107 |  11503 | R11410 |           0 |           0 |      77 |            0 | TopMain
      1 |    108 |  11504 | R11410 |       40.75 |   -70.58107 |      77 |            0 | TopMain
      1 |    109 |  11505 | R11410 |        81.5 | -141.162141 |      77 |            0 | TopMain
      1 |    110 |  11506 | R11410 |      122.25 | -211.743211 |      77 |            0 | TopMain
      1 |    111 |  21600 | R8520  | -144.654335 |  349.226464 |    25.4 |     0.392699 | BottomVeto
      1 |    112 |  21601 | R8520  |    -49.3389 |  374.766158 |    25.4 |       0.1309 | BottomVeto
      1 |    113 |  21602 | R8520  |    49.33894 |  374.766152 |    25.4 |     6.152286 | BottomVeto
      1 |    114 |  21603 | R8520  |  144.654373 |  349.226449 |    25.4 |     5.890486 | BottomVeto
      1 |    115 |  21604 | R8520  |  230.111849 |  299.887541 |    25.4 |     5.628687 | BottomVeto
      1 |    116 |  21605 | R8520  |  299.887584 |  230.111793 |    25.4 |     5.366887 | BottomVeto
      1 |    117 |  21606 | R8520  |  349.226476 |  144.654307 |    25.4 |     5.105088 | BottomVeto
      1 |    118 |  21607 | R8520  |  374.766162 |    49.33887 |    25.4 |     4.843289 | BottomVeto
      1 |    119 |  21700 | R8520  |  374.766154 |   -49.33893 |    25.4 |     4.581489 | BottomVeto
      1 |    120 |  21701 | R8520  |  349.226453 | -144.654363 |    25.4 |      4.31969 | BottomVeto
      1 |    121 |  21702 | R8520  |  299.887547 | -230.111841 |    25.4 |      4.05789 | BottomVeto
      1 |    122 |  21703 | R8520  |  230.111801 | -299.887578 |    25.4 |     3.796091 | BottomVeto
      1 |    123 |  21704 | R8520  |  144.654316 | -349.226472 |    25.4 |     3.534292 | BottomVeto
      1 |    124 |  21705 | R8520  |    49.33888 |  -374.76616 |    25.4 |     3.272492 | BottomVeto
      1 |    125 |  21706 | R8520  |   -49.33892 | -374.766155 |    25.4 |     3.010693 | BottomVeto
      1 |    126 |  21707 | R8520  | -144.654354 | -349.226457 |    25.4 |     2.748894 | BottomVeto
      1 |    127 |  21800 | R8520  | -230.111833 | -299.887553 |    25.4 |     2.487094 | BottomVeto
      1 |    128 |  21801 | R8520  | -299.887571 | -230.111809 |    25.4 |     2.225295 | BottomVeto
      1 |    129 |  21802 | R8520  | -349.226468 | -144.654326 |    25.4 |     1.963495 | BottomVeto
      1 |    130 |  21803 | R8520  | -374.766159 |   -49.33889 |    25.4 |     1.701696 | BottomVeto
      1 |    131 |  21804 | R8520  | -374.766156 |    49.33891 |    25.4 |     1.439897 | BottomVeto
      1 |    132 |  21805 | R8520  |  -349.22646 |  144.654344 |    25.4 |     1.178097 | BottomVeto
      1 |    133 |  21806 | R8520  | -299.887559 |  230.111825 |    25.4 |     0.916298 | BottomVeto
      1 |    134 |  21807 | R8520  | -230.111817 |  299.887565 |    25.4 |     0.654498 | BottomVeto
      1 |    135 |  21900 | R8520  | -299.887571 | -230.111809 |    25.4 |     2.225295 | TopVeto
      1 |    136 |  21901 | R8520  | -349.226468 | -144.654326 |    25.4 |     1.963495 | TopVeto
      1 |    137 |  21902 | R8520  | -374.766159 |   -49.33889 |    25.4 |     1.701696 | TopVeto
      1 |    138 |  21903 | R8520  | -374.766156 |    49.33891 |    25.4 |     1.439897 | TopVeto
      1 |    139 |  21904 | R8520  |  -349.22646 |  144.654344 |    25.4 |     1.178097 | TopVeto
      1 |    140 |  21905 | R8520  | -299.887559 |  230.111825 |    25.4 |     0.916298 | TopVeto
      1 |    141 |  21906 | R8520  | -230.111817 |  299.887565 |    25.4 |     0.654498 | TopVeto
      1 |    142 |  21907 | R8520  | -144.654335 |  349.226464 |    25.4 |     0.392699 | TopVeto
      1 |    143 |  22000 | R8520  |    -49.3389 |  374.766158 |    25.4 |       0.1309 | TopVeto
      1 |    144 |  22001 | R8520  |    49.33894 |  374.766152 |    25.4 |     6.152286 | TopVeto
      1 |    145 |  22002 | R8520  |  144.654373 |  349.226449 |    25.4 |     5.890486 | TopVeto
      1 |    146 |  22003 | R8520  |  230.111849 |  299.887541 |    25.4 |     5.628687 | TopVeto
      1 |    147 |  22004 | R8520  |  299.887584 |  230.111793 |    25.4 |     5.366887 | TopVeto
      1 |    148 |  22005 | R8520  |  349.226476 |  144.654307 |    25.4 |     5.105088 | TopVeto
      1 |    149 |  22006 | R8520  |  374.766162 |    49.33887 |    25.4 |     4.843289 | TopVeto
      1 |    150 |  22007 | R8520  |  374.766154 |   -49.33893 |    25.4 |     4.581489 | TopVeto
      1 |    151 |  22100 | R8520  |  349.226453 | -144.654363 |    25.4 |      4.31969 | TopVeto
      1 |    152 |  22101 | R8520  |  299.887547 | -230.111841 |    25.4 |      4.05789 | TopVeto
      1 |    153 |  22102 | R8520  |  230.111801 | -299.887578 |    25.4 |     3.796091 | TopVeto
      1 |    154 |  22103 | R8520  |  144.654316 | -349.226472 |    25.4 |     3.534292 | TopVeto
      1 |    155 |  22104 | R8520  |    49.33888 |  -374.76616 |    25.4 |     3.272492 | TopVeto
      1 |    156 |  22105 | R8520  |   -49.33892 | -374.766155 |    25.4 |     3.010693 | TopVeto
      1 |    157 |  22106 | R8520  | -144.654354 | -349.226457 |    25.4 |     2.748894 | TopVeto
      1 |    158 |  22107 | R8520  | -230.111833 | -299.887553 |    25.4 |     2.487094 | TopVeto
